[0;5;0]&4&m&M&6&m-&4&m---------&r
[0;2;0]&4&m&m-&6&m-&4&m--------&r
[0;2;0]&4&m&m--&6&m-&4&m-------&r
[0;2;0]&4&m&m---&6&m-&4&m------&r
[0;2;0]&4&m&m----&6&m-&4&m-----&r
[0;2;0]&4&m&m-----&6&m-&4&m----&r
[0;2;0]&4&m&m------&6&m-&4&m---&r
[0;2;0]&4&m&m-------&6&m-&4&m--&r
[0;2;0]&4&m&m--------&6&m-&4&m-&r
[0;5;0]&4&m&m---------&6&m-&4&m&r
[0;2;0]&4&m&m--------&6&m-&4&m-&r
[0;2;0]&4&m&m-------&6&m-&4&m--&r
[0;2;0]&4&m&m------&6&m-&4&m---&r
[0;2;0]&4&m&m-----&6&m-&4&m----&r
[0;2;0]&4&m&m----&6&m-&4&m-----&r
[0;2;0]&4&m&m---&6&m-&4&m------&r
[0;2;0]&4&m&m--&6&m-&4&m-------&r
[0;2;0]&4&m&M-&6&m-&4&m--------&r